%YAML:1.0
---
width: 1133
height: 850
K: !!opencv-matrix
   rows: 3
   cols: 3
   dt: d
   data: [ 1.0316860051576023e+03, 0., 4.8416590211468042e+02, 0.,
       1.0329621063748264e+03, 6.4253542218808161e+02, 0., 0., 1. ]
D: !!opencv-matrix
   rows: 8
   cols: 1
   dt: d
   data: [ 2.1843343964522144e-01, -1.2567194190629027e+00,
       7.5710589796533468e-04, -1.0358196502138007e-03,
       2.0954454987478890e+00, 0., 0., 0. ]
